-27.566702,152.900827
-27.566721,152.902415
-27.566037,152.899797
-27.564857,152.900527
-27.564515,152.896793
-27.563393,152.898295
-27.561205,152.894368
-27.561395,152.897587
-27.558922,152.896106
-27.559988,152.897866
-27.558275,152.897866
-27.559246,152.898381
-27.556963,152.901728
-27.558314,152.902179
-27.555879,152.904239
-27.557419,152.905097
-27.554737,152.90529
-27.554927,152.907157
-27.553139,152.905269
-27.552664,152.906384
-27.550609,152.903273
-27.549905,152.905033
-27.547793,152.901986
-27.54766,152.903616
-27.545948,152.902372
-27.546157,152.903488
-27.54395,152.903831
-27.544901,152.904496
-27.542923,152.906857
-27.544045,152.907028
-27.542371,152.910998
-27.543703,152.911084
-27.5418,152.915525
-27.543436,152.915611
-27.54142,152.921255
-27.543208,152.921491
-27.54102,152.924087
-27.542409,152.924709
-27.540354,152.925181
-27.541058,152.926447
-27.537672,152.926168
-27.537748,152.927392
-27.53457,152.925997
-27.53457,152.927563
-27.531126,152.926168
-27.53124,152.927928
-27.529052,152.926962
-27.529756,152.9284
-27.527644,152.929151
-27.528767,152.929537
-27.526693,152.933657
-27.528234,152.933807
-27.526179,152.938957
-27.528006,152.939
-27.526103,152.943335
-27.52791,152.943335
-27.526788,152.947218
-27.528443,152.946832
-27.528082,152.951467
-27.529376,152.950931
-27.529509,152.954321
-27.530689,152.953334
-27.531621,152.957282
-27.532763,152.956188
-27.533371,152.959578
-27.534551,152.958269
-27.535426,152.961316
-27.53613,152.959707
-27.538299,152.962797
-27.53868,152.960479
-27.540811,152.96344
-27.541591,152.962067
-27.542314,152.964749
-27.543094,152.963355
-27.543456,152.966466
-27.544654,152.966359
-27.543931,152.969427
-27.545016,152.96932
-27.543456,152.972045
-27.545035,152.97271
-27.542333,152.973633
-27.542428,152.974963
-27.540392,152.973483
-27.53986,152.97492
-27.537824,152.971702
-27.537291,152.973204
-27.534818,152.969899
-27.534608,152.971487
-27.531849,152.969985
-27.53204,152.971444
-27.529033,152.971015
-27.529261,152.972474
-27.526521,152.971187
-27.526103,152.972667
-27.523515,152.96962
-27.522963,152.970929
-27.52047,152.967625
-27.519918,152.969341
-27.517235,152.966402
-27.517102,152.968054
-27.514342,152.965972
-27.514342,152.967496
-27.511374,152.966466
-27.511602,152.967925
-27.508595,152.967582
-27.508976,152.969084
-27.505607,152.969491
-27.506635,152.970865
-27.504712,152.97226
-27.505911,152.972281
-27.505093,152.974405
-27.506368,152.973847
-27.507168,152.978461
-27.508443,152.977087
-27.510574,152.983053
-27.511716,152.9811
-27.515427,152.98758
-27.516512,152.985585
-27.519062,152.991679
-27.520489,152.98964
-27.521098,152.994618
-27.523248,152.993546
-27.522373,153.000712
-27.523781,153.000755
-27.521726,153.006356
-27.523838,153.006978
-27.520584,153.008888
-27.521821,153.01084
-27.518567,153.00951
-27.518034,153.011398
-27.517539,153.00863
-27.516188,153.009274
-27.517102,153.005455
-27.515579,153.005412
-27.516969,153.001764
-27.515389,153.002172
-27.514495,152.997944
-27.514095,152.99964
-27.511621,152.99818
-27.512097,153.000004
-27.508252,152.999618
-27.509014,153.001742
-27.505911,153.002386
-27.506977,153.003373
-27.503951,153.00657
-27.505683,153.006849
-27.50279,153.015711
-27.505207,153.016183
-27.501972,153.019552
-27.50397,153.020797
-27.500963,153.020561
-27.501096,153.022857
-27.498793,153.020046
-27.498279,153.022599
-27.496642,153.019166
-27.495843,153.021441
-27.494434,153.017385
-27.493121,153.018715
-27.492721,153.015175
-27.491541,153.016334
-27.491674,153.011956
-27.490133,153.012085
-27.492284,153.005991
-27.48998,153.005905
-27.492265,152.998803
-27.490018,152.999318
-27.490628,152.995906
-27.48939,152.997086
-27.488248,152.994425
-27.488248,152.996271
-27.485298,152.995412
-27.485983,152.997193
-27.481738,152.997429
-27.483013,152.999296
-27.478178,153.000348
-27.479377,153.002107
-27.47498,153.003674
-27.476065,153.00539
-27.471039,153.00833
-27.472562,153.009725
-27.46885,153.011377
-27.470582,153.012815
-27.46765,153.015239
-27.469402,153.015583
-27.467498,153.017042
-27.469478,153.016634
-27.469592,153.019381
-27.470601,153.018136
-27.471496,153.022084
-27.473076,153.019788
-27.474828,153.024616
-27.475837,153.021955
-27.47736,153.026075
-27.478387,153.024058
-27.478901,153.027298
-27.480881,153.025796
-27.479663,153.029315
-27.482062,153.029337
-27.479111,153.031032
-27.47972,153.033285
-27.476408,153.03174
-27.476389,153.034401
-27.47319,153.031161
-27.473038,153.034208
-27.470239,153.030839
-27.47003,153.033972
-27.467441,153.031075
-27.467403,153.033714
-27.464642,153.031976
-27.465689,153.033929
-27.462738,153.033929
-27.464775,153.034852
-27.462243,153.035774
-27.464737,153.035774
-27.464166,153.038757
-27.465461,153.036933
-27.466013,153.039701
-27.466717,153.037384
-27.468831,153.040495
-27.46923,153.037941
-27.471858,153.041332
-27.472771,153.038864
-27.47418,153.042297
-27.475399,153.040388
-27.475132,153.043177
-27.476503,153.041804
-27.475684,153.044701
-27.477835,153.044336
-27.475151,153.047125
-27.47656,153.048027
-27.472486,153.051181
-27.474485,153.05337
-27.469916,153.054056
-27.471096,153.057146
-27.467898,153.0547
-27.466984,153.05661
-27.465023,153.05249
-27.463957,153.054678
-27.460796,153.050601
-27.460548,153.053563
-27.45636,153.050795
-27.456283,153.053477
-27.453199,153.049636
-27.45238,153.053026
-27.450057,153.047855
-27.449238,153.052189
-27.445639,153.046331
-27.445144,153.050816
-27.441621,153.047726
-27.443544,153.050966
-27.439812,153.052039
-27.442307,153.052812
-27.439164,153.056481
-27.442173,153.056116
-27.439812,153.06015
-27.442535,153.059614
-27.440478,153.066223
-27.443544,153.065064
-27.443106,153.075192
-27.446725,153.074248
-27.445239,153.083324
-27.448686,153.082273
-27.44562,153.090727
-27.449657,153.091393
-27.444173,153.096564
-27.447962,153.097851
-27.440669,153.106928
-27.444192,153.108537
-27.435984,153.112893
-27.437984,153.116992
-27.430175,153.117785
-27.432423,153.122013
-27.425338,153.126004
-27.429471,153.127785
-27.42149,153.134007
-27.425509,153.136775
-27.416024,153.140552
-27.417776,153.145595
-27.407871,153.145144
-27.409795,153.150015
-27.399165,153.149414
-27.399927,153.155122
-27.388725,153.153276
-27.389678,153.15834
-27.378398,153.159971
-27.380151,153.163962
-27.364678,153.16864
-27.366851,153.174434
-27.355874,153.174477
-27.357932,153.180914
-27.343905,153.184133
-27.346878,153.189154
-27.332316,153.194904
-27.335671,153.200912
